031580100011
033400100011
033400100041
033430100011
033430100041
033460500011
033460500041
033500100011
033500100041
033560500011
033560500041
034565100030
034565100031
034565100032
034575100030
034575100031
034575100032
034585100030
034585100031
034585100032
035200100041
035210100041
035220100041
99102031051
99102041050
99102211051
99102231051
99102241050
99103211000
99103211010
99103211070
99112011051
99112031051
99112041050
99112111051
99112131051
99112141050
99112211051
99112231051
99112241050
99112311051
99112331051
99112341050
99113211000
99113211010
99132011051
99132031051
99132041050
99132111051
99132131051
99132141050
99132211051
99132241050
99132311051
99132341050
99133211000
99133211010
99133211070
99201011015
99330031051
99330041050
99330231051
99330241050
99331011000
99331011010
99331011070
99331111000
99331111005
99331111010
99331221010
99331331010
99332011051
99332031051
99332041050
99332111051
99332111070
99332131051
99332141050
99332211051
99332231051
99332241050
99332311051
99332331051
99332341050
99333111000
99333211000
99333311070
99340041050
99341011000
99341011015
99341011070
99341111000
99341111015
99341111016
99341211015
99341311015
99343111000
99343211000
99343221015
99361011070
99720010025
99740010030
99746010021
99746020021
99760010011
99760020011
99760040050
99770010011
99770020011
99780010010
99780010011
99780020011
99790010011
99790020011
